&ALDOS
PRINT_WEIGHT
FERMI_LEVEL -0.09260624
NUMBER_OF_LAYER 598
LAYER
-32.00000
-31.93656
-31.87312
-31.80968
-31.74624
-31.68280
-31.61937
-31.55593
-31.49249
-31.42905
-31.36561
-31.30217
-31.23873
-31.17529
-31.11185
-31.04841
-30.98497
-30.92154
-30.85810
-30.79466
-30.73122
-30.66778
-30.60434
-30.54090
-30.47746
-30.41402
-30.35058
-30.28715
-30.22371
-30.16027
-30.09683
-30.03339
-29.96995
-29.90651
-29.84307
-29.77963
-29.71619
-29.65275
-29.58932
-29.52588
-29.46244
-29.39900
-29.33556
-29.27212
-29.20868
-29.14524
-29.08180
-29.01836
-28.95492
-28.89149
-28.82805
-28.76461
-28.70117
-28.63773
-28.57429
-28.51085
-28.44741
-28.38397
-28.32053
-28.25710
-28.19366
-28.13022
-28.06678
-28.00334
-27.93990
-27.87646
-27.81302
-27.74958
-27.68614
-27.62270
-27.55927
-27.49583
-27.43239
-27.36895
-27.30551
-27.24207
-27.17863
-27.11519
-27.05175
-26.98831
-26.92487
-26.86144
-26.79800
-26.73456
-26.67112
-26.60768
-26.54424
-26.48080
-26.41736
-26.35392
-26.29048
-26.22705
-26.16361
-26.10017
-26.03673
-25.97329
-25.90985
-25.84641
-25.78297
-25.71953
-25.65609
-25.59265
-25.52922
-25.46578
-25.40234
-25.33890
-25.27546
-25.21202
-25.14858
-25.08514
-25.02170
-24.95826
-24.89482
-24.83139
-24.76795
-24.70451
-24.64107
-24.57763
-24.51419
-24.45075
-24.38731
-24.32387
-24.26043
-24.19699
-24.13356
-24.07012
-24.00668
-23.94324
-23.87980
-23.81636
-23.75292
-23.68948
-23.62604
-23.56260
-23.49917
-23.43573
-23.37229
-23.30885
-23.24541
-23.18197
-23.11853
-23.05509
-22.99165
-22.92821
-22.86477
-22.80134
-22.73790
-22.67446
-22.61102
-22.54758
-22.48414
-22.42070
-22.35726
-22.29382
-22.23038
-22.16694
-22.10351
-22.04007
-21.97663
-21.91319
-21.84975
-21.78631
-21.72287
-21.65943
-21.59599
-21.53255
-21.46912
-21.40568
-21.34224
-21.27880
-21.21536
-21.15192
-21.08848
-21.02504
-20.96160
-20.89816
-20.83472
-20.77129
-20.70785
-20.64441
-20.58097
-20.51753
-20.45409
-20.39065
-20.32721
-20.26377
-20.20033
-20.13689
-20.07346
-20.01002
-19.94658
-19.88314
-19.81970
-19.75626
-19.69282
-19.62938
-19.56594
-19.50250
-19.43907
-19.37563
-19.31219
-19.24875
-19.18531
-19.12187
-19.05843
-18.99499
-18.93155
-18.86811
-18.80467
-18.74124
-18.67780
-18.61436
-18.55092
-18.48748
-18.42404
-18.36060
-18.29716
-18.23372
-18.17028
-18.10684
-18.04341
-17.97997
-17.91653
-17.85309
-17.78965
-17.72621
-17.66277
-17.59933
-17.53589
-17.47245
-17.40902
-17.34558
-17.28214
-17.21870
-17.15526
-17.09182
-17.02838
-16.96494
-16.90150
-16.83806
-16.77462
-16.71119
-16.64775
-16.58431
-16.52087
-16.45743
-16.39399
-16.33055
-16.26711
-16.20367
-16.14023
-16.07679
-16.01336
-15.94992
-15.88648
-15.82304
-15.75960
-15.69616
-15.63272
-15.56928
-15.50584
-15.44240
-15.37896
-15.31553
-15.25209
-15.18865
-15.12521
-15.06177
-14.99833
-14.93489
-14.87145
-14.80801
-14.74457
-14.68114
-14.61770
-14.55426
-14.49082
-14.42738
-14.36394
-14.30050
-14.23706
-14.17362
-14.11018
-14.04674
-13.98331
-13.91987
-13.85643
-13.79299
-13.72955
-13.66611
-13.60267
-13.53923
-13.47579
-13.41235
-13.34891
-13.28548
-13.22204
-13.15860
-13.09516
-13.03172
-12.96828
-12.90484
-12.84140
-12.77796
-12.71452
-12.65109
-12.58765
-12.52421
-12.46077
-12.39733
-12.33389
-12.27045
-12.20701
-12.14357
-12.08013
-12.01669
-11.95326
-11.88982
-11.82638
-11.76294
-11.69950
-11.63606
-11.57262
-11.50918
-11.44574
-11.38230
-11.31886
-11.25543
-11.19199
-11.12855
-11.06511
-11.00167
-10.93823
-10.87479
-10.81135
-10.74791
-10.68447
-10.62104
-10.55760
-10.49416
-10.43072
-10.36728
-10.30384
-10.24040
-10.17696
-10.11352
-10.05008
-9.98664
-9.92321
-9.85977
-9.79633
-9.73289
-9.66945
-9.60601
-9.54257
-9.47913
-9.41569
-9.35225
-9.28881
-9.22538
-9.16194
-9.09850
-9.03506
-8.97162
-8.90818
-8.84474
-8.78130
-8.71786
-8.65442
-8.59098
-8.52755
-8.46411
-8.40067
-8.33723
-8.27379
-8.21035
-8.14691
-8.08347
-8.02003
-7.95659
-7.89316
-7.82972
-7.76628
-7.70284
-7.63940
-7.57596
-7.51252
-7.44908
-7.38564
-7.32220
-7.25876
-7.19533
-7.13189
-7.06845
-7.00501
-6.94157
-6.87813
-6.81469
-6.75125
-6.68781
-6.62437
-6.56093
-6.49750
-6.43406
-6.37062
-6.30718
-6.24374
-6.18030
-6.11686
-6.05342
-5.98998
-5.92654
-5.86311
-5.79967
-5.73623
-5.67279
-5.60935
-5.54591
-5.48247
-5.41903
-5.35559
-5.29215
-5.22871
-5.16528
-5.10184
-5.03840
-4.97496
-4.91152
-4.84808
-4.78464
-4.72120
-4.65776
-4.59432
-4.53088
-4.46745
-4.40401
-4.34057
-4.27713
-4.21369
-4.15025
-4.08681
-4.02337
-3.95993
-3.89649
-3.83306
-3.76962
-3.70618
-3.64274
-3.57930
-3.51586
-3.45242
-3.38898
-3.32554
-3.26210
-3.19866
-3.13523
-3.07179
-3.00835
-2.94491
-2.88147
-2.81803
-2.75459
-2.69115
-2.62771
-2.56427
-2.50083
-2.43740
-2.37396
-2.31052
-2.24708
-2.18364
-2.12020
-2.05676
-1.99332
-1.92988
-1.86644
-1.80301
-1.73957
-1.67613
-1.61269
-1.54925
-1.48581
-1.42237
-1.35893
-1.29549
-1.23205
-1.16861
-1.10518
-1.04174
-0.97830
-0.91486
-0.85142
-0.78798
-0.72454
-0.66110
-0.59766
-0.53422
-0.47078
-0.40735
-0.34391
-0.28047
-0.21703
-0.15359
-0.09015
-0.02671
0.03673
0.10017
0.16361
0.22705
0.29048
0.35392
0.41736
0.48080
0.54424
0.60768
0.67112
0.73456
0.79800
0.86144
0.92487
0.98831
1.05175
1.11519
1.17863
1.24207
1.30551
1.36895
1.43239
1.49583
1.55927
1.62270
1.68614
1.74958
1.81302
1.87646
1.93990
2.00334
2.06678
2.13022
2.19366
2.25710
2.32053
2.38397
2.44741
2.51085
2.57429
2.63773
2.70117
2.76461
2.82805
2.89149
2.95492
3.01836
3.08180
3.14524
3.20868
3.27212
3.33556
3.39900
3.46244
3.52588
3.58932
3.65275
3.71619
3.77963
3.84307
3.90651
3.96995
4.03339
4.09683
4.16027
4.22371
4.28715
4.35058
4.41402
4.47746
4.54090
4.60434
4.66778
4.73122
4.79466
4.85810
4.92154
4.98497
5.04841
5.11185
5.17529
5.23873
5.30217
5.36561
5.42905
5.49249
5.55593
5.61937
5.68280
5.74624
5.80968
5.87312
5.93656
6.00000
 EMIN -15.D0
 EMAX 5.D0
 EWIDTH 0.2D0
 NPDOSE 1001
&END
